%YAML:1.0
---
stick_hog_desc: !!opencv-object-detector-hog
   winSize: [ 48, 96 ]
   blockSize: [ 16, 16 ]
   blockStride: [ 8, 8 ]
   cellSize: [ 8, 8 ]
   nbins: 9
   derivAperture: 1
   winSigma: 4.
   histogramNormType: 0
   L2HysThreshold: 2.0000000000000001e-01
   gammaCorrection: 1
   nlevels: 64
   signedGradient: 0
   SVMDetector: [ -7.28691509e-03, -1.96574070e-03, 4.68662335e-03,
       2.71876324e-02, 1.33829042e-02, 1.71596743e-02, 3.66561860e-03,
       -4.03149053e-03, -7.01174699e-03, -1.63867753e-02,
       -1.26512293e-02, 8.41677003e-03, 3.27731036e-02, 2.89241485e-02,
       2.84477454e-02, 2.17546709e-03, -1.90450845e-03, -1.06339054e-02,
       -1.52634131e-03, -1.29798865e-02, -8.17646179e-03, 2.48164851e-02,
       2.41383538e-02, 2.74955444e-02, 1.67221650e-02, 4.43947222e-03,
       1.31882099e-03, -1.37900673e-02, -1.41163860e-02, 3.34576634e-03,
       2.86720898e-02, 8.34197458e-03, 3.10258698e-02, 8.87210201e-03,
       7.26972474e-03, -4.61917231e-03, -1.95874050e-02, -1.11448728e-02,
       4.98846872e-04, 2.62672007e-02, 2.63039935e-02, 1.82348080e-02,
       -8.41429830e-03, 4.88303462e-03, -7.17300549e-03, -1.04799410e-02,
       -1.97895453e-03, -1.48794136e-03, 2.57867482e-02, 1.14687225e-02,
       8.26496352e-03, -9.43569839e-03, 2.36324244e-03, -4.86729201e-03,
       -8.51071533e-03, -5.71298273e-03, 2.75827944e-03, 2.13288814e-02,
       1.09863549e-03, 2.06655897e-02, 1.33405486e-03, 1.01277428e-02,
       2.53880280e-04, 1.32222558e-04, 4.48836759e-03, -1.10136729e-03,
       1.45516973e-02, -1.62387118e-02, 9.99170728e-03, 5.65211847e-03,
       9.43992380e-03, 1.64361065e-03, -9.35664959e-03, -3.95649159e-03,
       2.97027058e-03, 2.13521626e-02, 1.73831433e-02, 1.46508599e-02,
       -7.56176887e-03, -6.51035411e-03, -5.42992493e-03,
       -1.76512413e-02, -1.47004202e-02, -4.96946136e-03, 1.90490037e-02,
       1.52079028e-03, 2.50074863e-02, -2.63598841e-03, -6.17950642e-03,
       -8.93544126e-03, 2.70701153e-03, -5.84577024e-03, -3.01511795e-03,
       1.63322687e-02, 6.93467679e-03, 2.08873227e-02, 1.20836394e-02,
       7.89920148e-03, 5.74527262e-03, -1.16860885e-02, -6.48149010e-03,
       1.83271919e-03, 2.48754732e-02, -2.76995590e-03, 2.28353217e-02,
       9.57601762e-04, 3.61556164e-03, -4.66439920e-03, -2.32138317e-02,
       -1.83567554e-02, -1.47673348e-02, 7.84229673e-03, 9.74276010e-03,
       1.95576400e-02, 4.66270139e-03, 4.00752202e-03, -5.36429416e-03,
       -1.90418269e-02, -1.14491098e-02, -1.03293825e-02, 2.16532573e-02,
       1.64013803e-02, 2.68836394e-02, 1.59068462e-02, 1.11844726e-02,
       -7.91768171e-03, -2.29340158e-02, -1.14672109e-02, 4.47276374e-03,
       2.35733893e-02, 2.36862130e-03, 2.85833590e-02, 5.59844542e-03,
       6.09096838e-03, -9.73311532e-03, -1.48517508e-02, -4.46531596e-03,
       3.13795661e-03, 2.13663615e-02, 6.12591207e-03, 2.63131913e-02,
       2.26364508e-02, 1.15402155e-02, -1.83895626e-03, -1.53862834e-02,
       -8.80251452e-03, -7.43963802e-03, 3.04067917e-02, 2.44675633e-02,
       8.26576818e-03, 6.65722787e-03, 7.15185236e-03, -1.22446185e-02,
       -1.49293244e-02, -1.80400896e-03, 9.95849725e-03, 3.21363471e-02,
       4.52063698e-03, 2.84686708e-03, -2.49900180e-03, -1.70004170e-03,
       -1.10815298e-02, -5.36144245e-03, 5.44170197e-03, -3.09752836e-03,
       2.27469802e-02, 1.44059062e-02, 4.46282933e-03, 6.72211405e-04,
       7.76130008e-03, -2.09064200e-03, -1.15547432e-02, 9.01637832e-04,
       -4.66176192e-04, 3.12317219e-02, 6.14606356e-03, -6.27345126e-03,
       -1.42365331e-02, -1.32899377e-02, -1.43538434e-02,
       -7.34228268e-03, 6.15676260e-03, 1.17950393e-02, 2.74084918e-02,
       1.69729181e-02, 1.38638262e-02, 4.55725100e-03, -2.15837499e-03,
       -7.47652259e-04, -8.53369664e-03, 3.66597087e-03, 5.58186229e-03,
       3.06380652e-02, 1.23180002e-02, 2.14897916e-02, -6.52911433e-04,
       -7.97924679e-03, -2.04796065e-03, -7.86815211e-03, 8.37844145e-03,
       8.65240768e-03, 2.99971085e-02, 1.32391667e-02, 5.93929971e-03,
       -1.02479197e-02, -1.65592395e-02, -7.52686476e-03,
       -9.60706268e-03, 7.10570300e-03, 1.09783709e-02, 2.43534017e-02,
       1.93090383e-02, 2.19813827e-02, -8.87371693e-03, -1.03587275e-02,
       -1.27565572e-02, -6.26496598e-03, 4.67368541e-03, 5.73568046e-03,
       2.56731585e-02, 1.10864267e-02, 1.09472936e-02, -6.61556027e-04,
       -4.73464839e-03, -7.81642739e-03, -6.71501178e-03, 3.95448320e-03,
       3.64904921e-03, 1.67959314e-02, 2.61279885e-02, 2.74037458e-02,
       7.94639625e-03, 8.30083445e-04, -1.33098112e-02, -7.49182794e-03,
       7.30597600e-03, 7.87080079e-03, 2.86990963e-02, 1.77216623e-02,
       1.62913371e-02, -6.93912990e-03, -5.25620347e-03, -1.48824239e-02,
       -3.82212945e-03, 5.39607182e-03, 4.99941921e-03, 2.46182997e-02,
       1.37232020e-02, 1.23439133e-02, 1.02968784e-02, 9.06194327e-04,
       -1.06654465e-02, -7.17659295e-03, 2.73657474e-03, 8.51038436e-04,
       1.81738343e-02, 2.24932712e-02, 2.30876468e-02, 5.42874914e-03,
       -2.28208327e-03, -1.55566270e-02, -1.93417184e-02,
       -4.78777522e-03, -3.08149680e-03, 1.91968158e-02, 1.37398131e-02,
       3.49525660e-02, 8.87232460e-03, -2.27076793e-03, -1.16496636e-02,
       -8.38495384e-04, 8.12769961e-03, -2.76598125e-03, 1.68246925e-02,
       1.24128126e-02, 3.74775659e-03, 3.33507149e-03, -1.61206094e-03,
       -6.19953638e-03, -8.20877589e-03, -3.60419671e-03, 1.83980243e-04,
       2.84551065e-02, 1.41885383e-02, 2.41166260e-02, -5.62423840e-04,
       -1.82255835e-03, -6.05648058e-03, -1.96438618e-02,
       -1.18617425e-02, -4.00443096e-03, 2.25923080e-02, 1.20568471e-02,
       1.82796270e-02, 3.65782616e-04, -6.03334419e-03, -1.21594658e-02,
       -1.11497007e-02, -2.85242405e-03, 8.11538380e-03, 3.83349508e-02,
       1.91896763e-02, 1.22561809e-02, -1.53851416e-02, -1.70302484e-02,
       -1.37504805e-02, -1.23937046e-02, -8.48565716e-03, 2.41706846e-03,
       3.28602605e-02, 2.24219579e-02, 1.98785774e-02, -7.36977346e-03,
       -3.45719163e-03, -8.58854968e-03, -1.10963127e-03, 3.66213237e-04,
       1.89950410e-02, 4.53372598e-02, 2.07739044e-02, 1.62033532e-02,
       -2.06019580e-02, -1.41508291e-02, -7.94779975e-03,
       -9.08421446e-03, -6.42116647e-04, 1.06661627e-02, 3.64819542e-02,
       3.23373117e-02, 7.14825187e-03, -1.63394231e-02, -1.58664472e-02,
       -1.87501181e-02, -2.51884516e-02, -9.47890710e-03,
       -3.62272770e-03, 3.09112649e-02, 2.55046710e-02, 1.97543036e-02,
       -9.00842994e-03, -1.36291981e-02, -2.58330591e-02,
       -3.15078651e-03, -6.62883278e-03, 1.30209485e-02, 3.46492603e-02,
       2.99789570e-02, 2.30427925e-02, -2.00876240e-02, -2.06085220e-02,
       -1.52595732e-02, -2.08987705e-02, -1.18282903e-02,
       -3.99391074e-03, 2.82173958e-02, 4.04323265e-02, 3.45753990e-02,
       1.97058334e-03, -9.97410715e-03, -2.51652077e-02, -3.23070399e-02,
       -1.95588265e-02, -1.73685085e-02, 2.16308553e-02, 2.60368921e-02,
       2.79019512e-02, 7.55289383e-03, -5.53267216e-03, -2.80691665e-02,
       -2.47335546e-02, -1.52706178e-02, -9.20002814e-03, 2.40695719e-02,
       3.16227339e-02, 2.70321723e-02, 1.33525729e-02, -1.02273084e-03,
       -3.16898562e-02, -3.57301496e-02, -1.94404069e-02,
       -1.88006845e-04, 3.57422344e-02, 4.09225263e-02, 3.22268568e-02,
       1.43448645e-02, -9.49147530e-03, -3.35466787e-02, -2.04596184e-02,
       -1.35114919e-02, 3.51128075e-03, 3.55701521e-02, 2.10578255e-02,
       2.94352323e-02, 2.19508689e-02, 2.14482006e-03, -1.77452341e-02,
       1.07001690e-02, -1.97315626e-02, -1.92267224e-02, -1.49199076e-03,
       -1.16978353e-02, -2.93025747e-03, -2.90072616e-03, 1.76905561e-03,
       2.28677318e-02, -5.75366896e-03, -3.42848971e-02, -1.58021618e-02,
       4.56732139e-03, -2.28620786e-02, -6.16951520e-03, -1.08391382e-02,
       5.05629787e-03, 1.29749142e-02, 5.73273115e-02, 4.69535543e-03,
       -1.04246689e-02, -8.15759506e-03, -7.80350342e-03,
